1578927485865 0.08102986067533494 1
1578927485968 0.08066321462392807 2
1578927486065 0.08041513860225677 3
1578927486154 0.08018948063254357 4
1578927486293 0.08006131052970886 5
1578927486389 0.07991371154785157 6
1578927486477 0.07968086898326873 7
1578927486575 0.07958954125642777 8
1578927486671 0.07939899414777755 9
1578927486765 0.07931076884269714 10
1578927486868 0.07918954640626907 11
1578927486968 0.07913239374756813 12
1578927487065 0.07898326814174653 13
1578927487180 0.07890459895133972 14
1578927487294 0.07883932441473007 15
1578927487404 0.07878770232200623 16
1578927487512 0.07868540734052658 17
1578927487626 0.07868745326995849 18
1578927487735 0.07856967002153396 19
1578927487844 0.0784803569316864 20
1578927487956 0.07844814658164978 21
1578927488078 0.07837920486927033 22
1578927488196 0.07833712846040726 23
1578927488314 0.07828547358512879 24
1578927488434 0.07823233008384704 25
1578927488554 0.07818280160427094 26
1578927488675 0.07814029157161713 27
1578927488796 0.07810155004262924 28
1578927488926 0.07804343253374099 29
1578927489046 0.07799187898635865 30
1578927489173 0.07794162631034851 31
1578927489303 0.07789073288440704 32
1578927489428 0.0778544157743454 33
1578927489556 0.07782863229513168 34
1578927489684 0.07778694629669189 35
1578927489819 0.07773649096488952 36
1578927489950 0.0777029737830162 37
1578927490082 0.07768920809030533 38
1578927490210 0.07764445543289185 39
1578927490347 0.07760776579380035 40
1578927490478 0.07757299095392227 41
1578927490618 0.07753458917140961 42
1578927490754 0.07751449346542358 43
1578927490898 0.07748583406209945 44
1578927491038 0.07746187299489975 45
1578927491184 0.07742769420146942 46
1578927491318 0.07739259898662568 47
1578927491460 0.07735615968704224 48
1578927491597 0.07732829302549363 49
1578927491741 0.07730752229690552 50
